month,total_content,new_content,interest_point
1,100,100,0
2,350,250,5
3,800,550,4.4
4,805,5,0
5,900,95,19
6,1000,100,2.1
7,2000,1000,30
8,2150,150,0.3
9,2200,50,0.3
10,2300,100,4 
